# 1000
981004
839695
1773598
1847323
1916949
1036294
1706007
1900563
1355802
440329
270347
301067
677918
1818627
903191
1081356
524309
1941506
53279
1108016
604201
589867
1417276
1271866
1122366
1206307
1200160
1597486
1501231
106555
1665063
915507
1427543
1181776
208961
108610
1886296
671811
1210459
67663
276554
1536088
788573
1708111
1939528
1402947
69718
682066
1079369
348254
1480781
18523
168028
536663
653408
657510
376939
1048672
358517
559227
1542243
1898603
1355887
61566
784501
1603738
1917080
1556626
96392
858269
444565
692377
1517697
1175687
237722
262301
1540237
1339534
1953980
1314998
682153
721071
1837240
587936
1757363
1913015
1878194
993470
6322
1501347
1079461
1349794
1912997
1306798
1886369
745652
778446
948423
831686
1941719
1568989
1177821
1835219
1016026
374992
1370312
1448136
213219
1093873
612587
1337590
954603
1812722
911588
1714422
10479
1497314
917751
1470701
1816800
262393
1956124
1618203
1851674
807179
37129
1009923
764165
1790218
1890569
563485
1503491
1593656
495906
1581373
4389
1530162
639265
639266
1554747
856352
100655
997695
928058
78133
616765
1296678
796982
1270057
127295
1528148
354624
1476945
1198426
1403228
420172
2385
581981
786774
1196361
1048945
1853818
723308
203114
1261945
1923441
803168
106860
655717
1053055
1077631
1782132
1079649
1067362
690547
289149
1243497
1593701
121215
278907
979342
1311126
215428
1702291
1419678
579972
463241
737669
1296796
215442
453012
1350016
1646989
987545
489873
156053
1474958
1962372
1016210
813457
795027
842157
545195
836002
303541
479670
958908
1472931
553406
37305
1298862
1460692
1227216
166342
1251799
997833
1495505
1319389
838087
1890769
655813
1692111
1923524
512476
432605
653780
1690104
860649
1802750
416227
350701
1341949
201199
1747446
1202685
1571302
518642
1274341
1130982
1161704
1821153
1921504
1876508
291328
315907
1290772
1196570
49672
1348125
1886742
1888791
1231390
1085980
358921
1892877
1612299
1933838
195095
113177
862740
926229
1053198
1802756
1471031
485934
76331
1348159
1647154
959038
1274403
1425955
1450540
1468972
1116714
1960481
758326
1862238
1802844
449102
434763
1894993
1368644
1106497
1727053
449118
559696
1526351
1004117
1469002
1768007
744021
1892984
1854075
834155
186984
350830
1112700
1229437
928383
152176
1516132
559739
752255
1526370
1794669
1868394
1843815
881266
393863
559756
656000
277128
35473
971421
1876617
479890
600735
1092233
2714
184985
1141389
782999
651925
391845
889519
336551
664233
1368753
277167
1901238
1153727
1723055
422576
1839787
1710753
758455
1526443
1366697
584375
723658
1663711
1700574
543424
1202907
350926
551621
1448646
1438407
305872
1307339
1123016
156377
1532619
840400
445146
271067
1829572
47840
178915
381671
1370876
1884919
369390
781024
928482
740070
1725175
652027
1395425
961272
441073
1315560
617207
1706724
434946
1489680
1362717
951044
1800976
88844
674565
187152
1534724
371472
723740
441118
150297
379672
1301296
1186609
92962
1139509
506657
1522492
265000
656166
39731
490292
740158
803638
1946401
779063
353082
281414
1227600
887617
1071965
115534
295764
1629002
1284929
1360704
1243975
1043290
1749836
172885
211807
1696581
217954
584553
88930
355174
1139572
1743743
1114998
713570
469870
1588072
1790825
1909605
1448811
246653
1184621
883570
1786778
1692568
891788
732040
1549203
1237908
117643
1586068
1864595
1211266
101269
293788
238495
1856384
656279
226205
1160078
1895357
1661887
719788
1278907
1964983
1469373
644004
230316
1432485
1481638
1870766
453552
861114
1555375
500670
1293271
1754076
953288
549825
928708
539587
385993
971712
1921992
1303493
605150
283612
1770434
1831872
617431
916461
998381
1641466
1850361
244709
1057785
703456
519148
216040
283624
1170430
1465337
392170
1680361
1291234
596986
1790957
979961
195582
1137646
1252368
1965081
1782813
201736
1436697
484363
572422
814110
1719304
506899
1702924
660498
838677
662550
795665
1250317
134185
1690677
93231
1791028
1713205
1106976
719930
74800
338998
1680430
48185
474168
1057873
1141843
1819737
1446994
1225815
971851
269388
549952
1541214
1545305
1647689
1492047
72797
810066
1887356
154722
1287287
1277046
1041512
1205370
283756
1612913
224366
552037
699493
359542
1829999
1764461
1061991
742515
1916007
957554
1166483
713871
683148
824453
580740
1062046
720004
1873043
1031296
689306
1434758
711833
1774735
664734
171157
1582209
976023
1277064
1479870
154792
877731
1633463
1260707
285876
1006782
339124
1264800
218294
1758380
873658
404657
304316
1948839
926901
46269
1739943
1545431
1408212
1084627
754895
1012938
1946843
640193
558272
933063
1496284
1744087
1934546
527581
675036
646367
3289
31962
193752
1709254
955630
1176819
1461492
1090806
404705
931046
613601
1866996
1729776
1529084
1787120
797921
1866993
1891561
498929
1877227
1697006
1080556
1199342
1858784
374021
1549586
562434
1895702
5388
1172764
707866
677148
961816
1137969
302375
623914
1064244
337184
582957
1426736
1932603
1084726
179496
292143
183599
380215
1705262
1856810
351549
369976
1056082
771400
1875290
1090902
378188
1125723
1838417
769370
376145
1901899
685405
48472
1944900
1523020
593236
1604987
701801
494946
1852788
1377656
898424
1183077
1078632
828789
376191
179577
884081
1105296
621965
564620
1004938
404867
1820061
800128
435592
1355136
298387
884116
1805698
359839
87451
1795461
1117582
32164
1267127
720294
273835
1609143
1207741
13744
789944
372147
1326498
124342
1625505
9663
1242579
767432
1113557
1095128
1062364
30156
1736149
1301955
398807
237009
1750476
564702
249300
1758658
1646016
843222
1535436
882134
1248712
542167
1371639
181739
1166842
994787
1912301
566776
626171
1441255
1084901
1373667
411134
425470
697840
431613
151037
1029616
1117713
1891869
1013261
435716
130563
716297
214533
1357331
701952
1375771
462359
44568
1222153
675350
275993
40478
1433099
806444
808493
452130
929323
1779260
1656369
947750
230954
1838647
220723
417334
593464
1394211
495167
1414703
1443370
1846817
1062445
349755
1810011
3649
1738332
255562
1670738
317000
589381
1881683
1222210
233042
81492
720468
923246
1384052
509542
1498743
1259131
1799794
1740401
1207929
1332857
1842799
532091
515698
1068645
1816174
1259109
1912427
466555
71297
1928863
26243
1314450
349826
732803
652928
249480
1713814
1715863
1646230
1951378
1103490
736920
310928
1937032
99990
1928842
1603200
609937
1572495
1660547
1519287
337574
315041
478881
749229
607904
1666743
951998
1498788
1801896
1502882
933560
1146534
853684
487101
1904294
704180
1509032
1128145
210627
317125
276165
306887
782019
1713875
81608
1261273
1056475
741083
1896140
257745
425685
1314508
1027797
1414857
235231
523993
1171185
1937144
1656575
179940
1588980
1068798
419560
1062655
1314555
556792
1210082
1574639
1122022
466685
1924838
1056493
913136
802545
1062638
1918690
151296
1482515
1955610
540431
591618
1924880
1933072
1507097
1687306
843544
1740559
876309
1167112
573202
298778
1142579
538410
864041
1201979
919332
1593139
1144608
1646379
1793837
307007
77630
71486
843592
1001289
1134424
481100
1546076
366408
1208157
593753
1265472
687955
1875779
1253232
1406833
1005419
1398643
259944
1754998
561017
993138
1056656
1482645
1615771
225157
1527696
1283994
685976
757661
1046424
362386
503711
1806211
397214
661392
933802
1294264
286632
634789
1963952
565176
767930
794552
16310
1628079
671669
735179
1478614
1095633
90050
882632
241605
36807
1761233
1019840
1925069
1818575
239578
1212367
444376
1136625
972781
1759230
890859
1675248
1449981
714726
1687541
126961
880638
1736684
1433571
1755107
122872
903153
1615845
1880034
