# 100
5795
8707
8551
7966
95
9136
1529
8606
826
2710
4961
3911
490
7698
8244
9904
7525
9596
4024
2057
6470
2229
7745
2598
7824
4214
8352
1659
4910
2807
545
9270
96
4592
8646
4725
3824
6887
3622
4123
9572
4499
4213
3437
863
4589
3373
7442
8757
5227
4565
1026
1038
2544
9249
1278
6237
1759
5655
3225
3279
6077
4827
6639
6798
2206
6998
5254
8847
5988
2616
2935
5941
6306
4450
7256
2944
383
5617
3791
8570
2318
7883
2667
3745
192
2353
4681
7200
7621
4443
5089
882
5005
9869
4122
747
950
1402
4608
