# FromNodeId	ToHospitalId	Distance	Path
0				889				2			0 -> 261 -> 889
1				722				2			1 -> 744 -> 722
2				722				3			2 -> 518 -> 60 -> 722
3				889				3			3 -> 750 -> 34 -> 889
4				72				3			4 -> 480 -> 405 -> 72
5				243				3			5 -> 626 -> 377 -> 243
6				243				4			6 -> 880 -> 442 -> 184 -> 243
7				129				3			7 -> 822 -> 308 -> 129
8				627				4			8 -> 710 -> 477 -> 549 -> 627
9				129				3			9 -> 950 -> 329 -> 129
10				669				2			10 -> 986 -> 669
11				889				2			11 -> 616 -> 889
12				172				3			12 -> 876 -> 277 -> 172
13				129				4			13 -> 186 -> 829 -> 283 -> 129
14				722				2			14 -> 836 -> 722
15				889				3			15 -> 852 -> 331 -> 889
16				669				2			16 -> 517 -> 669
17				129				4			17 -> 176 -> 21 -> 738 -> 129
18				172				3			18 -> 40 -> 899 -> 172
19				722				1			19 -> 722
20				669				3			20 -> 208 -> 111 -> 669
21				129				2			21 -> 738 -> 129
22				72				3			22 -> 423 -> 393 -> 72
23				69				3			23 -> 788 -> 575 -> 69
24				722				3			24 -> 385 -> 60 -> 722
25				889				3			25 -> 964 -> 331 -> 889
26				669				2			26 -> 625 -> 669
27				548				4			27 -> 419 -> 481 -> 879 -> 548
28				243				2			28 -> 372 -> 243
29				548				3			29 -> 507 -> 924 -> 548
30				627				2			30 -> 467 -> 627
31				627				2			31 -> 799 -> 627
32				627				2			32 -> 549 -> 627
33				129				3			33 -> 736 -> 525 -> 129
34				889				1			34 -> 889
35				627				4			35 -> 98 -> 30 -> 467 -> 627
36				243				2			36 -> 377 -> 243
37				548				3			37 -> 507 -> 924 -> 548
38				548				3			38 -> 330 -> 879 -> 548
39				627				3			39 -> 614 -> 799 -> 627
40				172				2			40 -> 899 -> 172
41				548				3			41 -> 45 -> 746 -> 548
42				129				4			42 -> 431 -> 144 -> 525 -> 129
43				243				4			43 -> 687 -> 442 -> 184 -> 243
44				627				4			44 -> 827 -> 31 -> 799 -> 627
45				548				2			45 -> 746 -> 548
46				243				3			46 -> 947 -> 184 -> 243
47				69				4			47 -> 674 -> 935 -> 575 -> 69
48				243				4			48 -> 880 -> 442 -> 184 -> 243
50				548				3			50 -> 188 -> 924 -> 548
51				889				3			51 -> 11 -> 616 -> 889
52				627				3			52 -> 211 -> 363 -> 627
53				129				3			53 -> 144 -> 525 -> 129
54				172				3			54 -> 128 -> 327 -> 172
55				669				2			55 -> 986 -> 669
56				722				3			56 -> 971 -> 19 -> 722
57				172				3			57 -> 726 -> 930 -> 172
58				129				3			58 -> 531 -> 832 -> 129
59				627				3			59 -> 403 -> 363 -> 627
60				722				1			60 -> 722
61				669				3			61 -> 55 -> 986 -> 669
62				548				3			62 -> 188 -> 924 -> 548
63				722				3			63 -> 216 -> 60 -> 722
64				72				3			64 -> 220 -> 658 -> 72
65				72				2			65 -> 907 -> 72
66				129				4			66 -> 854 -> 263 -> 283 -> 129
67				669				3			67 -> 906 -> 111 -> 669
68				129				3			68 -> 323 -> 832 -> 129
69				69				0			69
70				548				3			70 -> 45 -> 746 -> 548
71				172				3			71 -> 811 -> 930 -> 172
72				72				0			72
73				243				3			73 -> 947 -> 184 -> 243
74				129				4			74 -> 368 -> 402 -> 329 -> 129
75				669				2			75 -> 517 -> 669
76				69				3			76 -> 185 -> 951 -> 69
77				129				3			77 -> 553 -> 308 -> 129
78				72				3			78 -> 220 -> 658 -> 72
79				72				3			79 -> 676 -> 405 -> 72
80				548				3			80 -> 441 -> 746 -> 548
81				129				3			81 -> 531 -> 832 -> 129
82				669				2			82 -> 815 -> 669
83				722				3			83 -> 216 -> 60 -> 722
84				548				4			84 -> 338 -> 833 -> 236 -> 548
85				243				4			85 -> 631 -> 36 -> 377 -> 243
86				627				2			86 -> 799 -> 627
87				72				3			87 -> 826 -> 470 -> 72
88				243				4			88 -> 576 -> 442 -> 184 -> 243
89				243				4			89 -> 938 -> 28 -> 372 -> 243
90				627				3			90 -> 232 -> 363 -> 627
91				548				3			91 -> 782 -> 746 -> 548
92				129				4			92 -> 298 -> 458 -> 525 -> 129
93				722				4			93 -> 874 -> 557 -> 60 -> 722
95				889				3			95 -> 351 -> 689 -> 889
96				172				2			96 -> 899 -> 172
97				722				3			97 -> 545 -> 19 -> 722
98				627				3			98 -> 30 -> 467 -> 627
99				627				3			99 -> 32 -> 549 -> 627
100				129				5			100 -> 300 -> 33 -> 736 -> 525 -> 129
101				172				3			101 -> 941 -> 350 -> 172
102				243				3			102 -> 597 -> 372 -> 243
103				129				3			103 -> 607 -> 535 -> 129
104				129				2			104 -> 283 -> 129
105				722				3			105 -> 292 -> 836 -> 722
106				722				3			106 -> 601 -> 60 -> 722
107				172				3			107 -> 934 -> 930 -> 172
108				669				2			108 -> 986 -> 669
109				72				4			109 -> 462 -> 922 -> 595 -> 72
110				129				4			110 -> 734 -> 697 -> 329 -> 129
111				669				1			111 -> 669
112				627				4			112 -> 222 -> 232 -> 363 -> 627
113				722				2			113 -> 836 -> 722
114				889				2			114 -> 1004 -> 889
115				548				3			115 -> 188 -> 924 -> 548
116				722				3			116 -> 698 -> 836 -> 722
117				72				2			117 -> 595 -> 72
118				548				4			118 -> 202 -> 782 -> 746 -> 548
119				889				4			119 -> 247 -> 828 -> 219 -> 889
120				129				4			120 -> 274 -> 104 -> 283 -> 129
121				627				3			121 -> 438 -> 363 -> 627
122				243				3			122 -> 343 -> 944 -> 243
123				627				3			123 -> 403 -> 363 -> 627
124				129				3			124 -> 829 -> 283 -> 129
125				722				3			125 -> 557 -> 60 -> 722
126				69				3			126 -> 324 -> 575 -> 69
127				627				3			127 -> 32 -> 549 -> 627
128				172				2			128 -> 327 -> 172
129				129				0			129
130				889				3			130 -> 279 -> 1004 -> 889
131				722				3			131 -> 271 -> 60 -> 722
132				72				2			132 -> 332 -> 72
133				548				5			133 -> 814 -> 918 -> 45 -> 746 -> 548
134				129				4			134 -> 523 -> 829 -> 283 -> 129
135				243				1			135 -> 243
136				72				3			136 -> 694 -> 658 -> 72
137				72				3			137 -> 252 -> 332 -> 72
138				129				3			138 -> 705 -> 832 -> 129
139				722				4			139 -> 690 -> 971 -> 19 -> 722
140				69				3			140 -> 848 -> 951 -> 69
141				669				4			141 -> 654 -> 997 -> 940 -> 669
142				172				3			142 -> 40 -> 899 -> 172
143				548				3			143 -> 648 -> 746 -> 548
144				129				2			144 -> 525 -> 129
145				889				5			145 -> 119 -> 247 -> 828 -> 219 -> 889
146				889				3			146 -> 847 -> 616 -> 889
147				548				3			147 -> 782 -> 746 -> 548
148				243				4			148 -> 214 -> 840 -> 135 -> 243
149				129				3			149 -> 333 -> 329 -> 129
150				548				4			150 -> 418 -> 188 -> 924 -> 548
151				722				4			151 -> 249 -> 518 -> 60 -> 722
152				129				3			152 -> 736 -> 525 -> 129
153				548				3			153 -> 441 -> 746 -> 548
154				72				3			154 -> 579 -> 595 -> 72
155				69				3			155 -> 324 -> 575 -> 69
156				129				3			156 -> 736 -> 525 -> 129
157				548				3			157 -> 833 -> 236 -> 548
158				72				3			158 -> 254 -> 658 -> 72
159				129				3			159 -> 607 -> 535 -> 129
160				72				3			160 -> 423 -> 393 -> 72
161				627				4			161 -> 98 -> 30 -> 467 -> 627
162				243				4			162 -> 920 -> 850 -> 184 -> 243
163				172				3			163 -> 40 -> 899 -> 172
164				72				3			164 -> 423 -> 393 -> 72
165				722				3			165 -> 1 -> 744 -> 722
166				129				4			166 -> 138 -> 705 -> 832 -> 129
167				722				2			167 -> 60 -> 722
168				889				3			168 -> 345 -> 478 -> 889
169				129				3			169 -> 736 -> 525 -> 129
170				627				3			170 -> 86 -> 799 -> 627
171				669				3			171 -> 560 -> 497 -> 669
172				172				0			172
173				72				3			173 -> 659 -> 658 -> 72
174				172				3			174 -> 40 -> 899 -> 172
175				72				2			175 -> 405 -> 72
176				129				3			176 -> 21 -> 738 -> 129
177				243				3			177 -> 597 -> 372 -> 243
178				669				2			178 -> 497 -> 669
179				129				4			179 -> 124 -> 829 -> 283 -> 129
180				722				3			180 -> 601 -> 60 -> 722
181				548				2			181 -> 746 -> 548
182				722				4			182 -> 690 -> 971 -> 19 -> 722
183				243				3			183 -> 840 -> 135 -> 243
184				243				1			184 -> 243
185				69				2			185 -> 951 -> 69
186				129				3			186 -> 829 -> 283 -> 129
187				889				3			187 -> 242 -> 616 -> 889
188				548				2			188 -> 924 -> 548
189				129				3			189 -> 846 -> 525 -> 129
190				548				2			190 -> 924 -> 548
191				548				3			191 -> 45 -> 746 -> 548
192				889				3			192 -> 527 -> 1004 -> 889
193				243				3			193 -> 780 -> 135 -> 243
194				722				3			194 -> 385 -> 60 -> 722
195				243				2			195 -> 135 -> 243
196				129				3			196 -> 844 -> 535 -> 129
197				669				3			197 -> 457 -> 625 -> 669
198				129				3			198 -> 846 -> 525 -> 129
199				548				3			199 -> 190 -> 924 -> 548
200				172				3			200 -> 204 -> 277 -> 172
201				889				3			201 -> 561 -> 34 -> 889
202				548				3			202 -> 782 -> 746 -> 548
203				172				3			203 -> 606 -> 327 -> 172
204				172				2			204 -> 277 -> 172
205				548				3			205 -> 311 -> 879 -> 548
206				627				5			206 -> 562 -> 121 -> 438 -> 363 -> 627
207				722				3			207 -> 385 -> 60 -> 722
208				669				2			208 -> 111 -> 669
209				129				3			209 -> 891 -> 308 -> 129
210				129				5			210 -> 803 -> 737 -> 731 -> 525 -> 129
211				627				2			211 -> 363 -> 627
212				889				3			212 -> 561 -> 34 -> 889
213				72				3			213 -> 254 -> 658 -> 72
214				243				3			214 -> 840 -> 135 -> 243
215				129				4			215 -> 138 -> 705 -> 832 -> 129
216				722				2			216 -> 60 -> 722
217				889				2			217 -> 478 -> 889
218				72				3			218 -> 821 -> 658 -> 72
219				889				1			219 -> 889
220				72				2			220 -> 658 -> 72
221				243				2			221 -> 372 -> 243
222				627				3			222 -> 232 -> 363 -> 627
223				72				4			223 -> 837 -> 508 -> 405 -> 72
224				722				3			224 -> 882 -> 836 -> 722
225				172				3			225 -> 606 -> 327 -> 172
226				72				3			226 -> 526 -> 414 -> 72
227				722				3			227 -> 465 -> 744 -> 722
228				172				4			228 -> 714 -> 876 -> 277 -> 172
229				172				2			229 -> 899 -> 172
230				129				4			230 -> 156 -> 736 -> 525 -> 129
231				548				3			231 -> 648 -> 746 -> 548
232				627				2			232 -> 363 -> 627
233				669				3			233 -> 55 -> 986 -> 669
234				627				3			234 -> 954 -> 799 -> 627
235				722				3			235 -> 971 -> 19 -> 722
236				548				1			236 -> 548
237				722				4			237 -> 547 -> 971 -> 19 -> 722
238				129				3			238 -> 891 -> 308 -> 129
239				722				4			239 -> 741 -> 14 -> 836 -> 722
240				172				3			240 -> 314 -> 327 -> 172
241				72				3			241 -> 526 -> 414 -> 72
242				889				2			242 -> 616 -> 889
243				243				0			243
244				243				3			244 -> 840 -> 135 -> 243
245				129				4			245 -> 7 -> 822 -> 308 -> 129
246				669				2			246 -> 760 -> 669
247				889				3			247 -> 828 -> 219 -> 889
248				72				4			248 -> 226 -> 526 -> 414 -> 72
249				722				3			249 -> 518 -> 60 -> 722
250				72				2			250 -> 470 -> 72
251				72				3			251 -> 65 -> 907 -> 72
252				72				2			252 -> 332 -> 72
253				669				3			253 -> 255 -> 940 -> 669
254				72				2			254 -> 658 -> 72
255				669				2			255 -> 940 -> 669
256				669				3			256 -> 246 -> 760 -> 669
257				129				4			257 -> 196 -> 844 -> 535 -> 129
258				722				4			258 -> 867 -> 1 -> 744 -> 722
259				669				3			259 -> 823 -> 760 -> 669
260				722				4			260 -> 851 -> 601 -> 60 -> 722
261				889				1			261 -> 889
262				548				4			262 -> 115 -> 188 -> 924 -> 548
263				129				2			263 -> 283 -> 129
264				722				3			264 -> 728 -> 60 -> 722
265				889				3			265 -> 11 -> 616 -> 889
266				722				4			266 -> 758 -> 385 -> 60 -> 722
267				669				2			267 -> 940 -> 669
268				889				2			268 -> 261 -> 889
269				722				4			269 -> 445 -> 421 -> 744 -> 722
270				172				4			270 -> 18 -> 40 -> 899 -> 172
271				722				2			271 -> 60 -> 722
272				627				4			272 -> 628 -> 871 -> 799 -> 627
273				627				4			273 -> 429 -> 438 -> 363 -> 627
274				129				3			274 -> 104 -> 283 -> 129
275				172				3			275 -> 709 -> 350 -> 172
276				889				3			276 -> 561 -> 34 -> 889
277				172				1			277 -> 172
278				548				3			278 -> 441 -> 746 -> 548
279				889				2			279 -> 1004 -> 889
280				889				2			280 -> 500 -> 889
281				627				3			281 -> 392 -> 549 -> 627
282				722				4			282 -> 741 -> 14 -> 836 -> 722
283				129				1			283 -> 129
284				627				3			284 -> 232 -> 363 -> 627
285				129				3			285 -> 736 -> 525 -> 129
286				129				3			286 -> 671 -> 308 -> 129
287				627				5			287 -> 723 -> 762 -> 477 -> 549 -> 627
288				627				4			288 -> 52 -> 211 -> 363 -> 627
289				889				3			289 -> 651 -> 34 -> 889
290				72				4			290 -> 961 -> 347 -> 405 -> 72
291				889				3			291 -> 969 -> 616 -> 889
292				722				2			292 -> 836 -> 722
293				722				3			293 -> 557 -> 60 -> 722
294				722				3			294 -> 882 -> 836 -> 722
295				72				3			295 -> 423 -> 393 -> 72
296				243				3			296 -> 221 -> 372 -> 243
297				243				2			297 -> 135 -> 243
298				129				3			298 -> 458 -> 525 -> 129
299				243				3			299 -> 297 -> 135 -> 243
300				129				4			300 -> 33 -> 736 -> 525 -> 129
301				172				2			301 -> 350 -> 172
302				69				3			302 -> 848 -> 951 -> 69
303				129				3			303 -> 671 -> 308 -> 129
304				243				2			304 -> 944 -> 243
305				172				3			305 -> 618 -> 277 -> 172
306				669				2			306 -> 517 -> 669
307				548				3			307 -> 188 -> 924 -> 548
308				129				1			308 -> 129
309				722				3			309 -> 384 -> 60 -> 722
310				69				3			310 -> 943 -> 575 -> 69
311				548				2			311 -> 879 -> 548
312				722				4			312 -> 521 -> 919 -> 60 -> 722
313				722				3			313 -> 857 -> 744 -> 722
314				172				2			314 -> 327 -> 172
315				627				4			315 -> 412 -> 32 -> 549 -> 627
316				72				3			316 -> 933 -> 332 -> 72
317				172				4			317 -> 240 -> 314 -> 327 -> 172
318				889				3			318 -> 828 -> 219 -> 889
319				172				3			319 -> 128 -> 327 -> 172
320				72				3			320 -> 765 -> 658 -> 72
321				129				4			321 -> 812 -> 697 -> 329 -> 129
322				172				2			322 -> 350 -> 172
323				129				2			323 -> 832 -> 129
324				69				2			324 -> 575 -> 69
325				129				5			325 -> 373 -> 382 -> 593 -> 329 -> 129
326				627				3			326 -> 477 -> 549 -> 627
327				172				1			327 -> 172
328				129				3			328 -> 263 -> 283 -> 129
329				129				1			329 -> 129
330				548				2			330 -> 879 -> 548
331				889				1			331 -> 889
332				72				1			332 -> 72
333				129				2			333 -> 329 -> 129
334				243				4			334 -> 786 -> 597 -> 372 -> 243
335				669				3			335 -> 55 -> 986 -> 669
336				722				3			336 -> 421 -> 744 -> 722
337				669				3			337 -> 484 -> 940 -> 669
338				548				3			338 -> 833 -> 236 -> 548
339				627				3			339 -> 577 -> 363 -> 627
340				627				4			340 -> 710 -> 477 -> 549 -> 627
341				243				3			341 -> 221 -> 372 -> 243
342				627				2			342 -> 549 -> 627
343				243				2			343 -> 944 -> 243
344				69				3			344 -> 788 -> 575 -> 69
345				889				2			345 -> 478 -> 889
346				129				4			346 -> 186 -> 829 -> 283 -> 129
347				72				2			347 -> 405 -> 72
348				627				4			348 -> 326 -> 477 -> 549 -> 627
349				889				4			349 -> 146 -> 847 -> 616 -> 889
350				172				1			350 -> 172
351				889				2			351 -> 689 -> 889
352				129				3			352 -> 323 -> 832 -> 129
353				129				3			353 -> 844 -> 535 -> 129
354				722				3			354 -> 882 -> 836 -> 722
355				243				3			355 -> 28 -> 372 -> 243
356				669				4			356 -> 753 -> 208 -> 111 -> 669
357				129				3			357 -> 697 -> 329 -> 129
358				889				4			358 -> 366 -> 904 -> 219 -> 889
359				548				3			359 -> 775 -> 924 -> 548
360				243				3			360 -> 597 -> 372 -> 243
361				72				2			361 -> 405 -> 72
362				129				3			362 -> 263 -> 283 -> 129
363				627				1			363 -> 627
364				243				3			364 -> 36 -> 377 -> 243
365				722				3			365 -> 292 -> 836 -> 722
366				889				3			366 -> 904 -> 219 -> 889
367				548				4			367 -> 918 -> 45 -> 746 -> 548
368				129				3			368 -> 402 -> 329 -> 129
369				129				4			369 -> 856 -> 553 -> 308 -> 129
370				129				4			370 -> 679 -> 402 -> 329 -> 129
371				722				3			371 -> 580 -> 836 -> 722
372				243				1			372 -> 243
373				129				4			373 -> 382 -> 593 -> 329 -> 129
374				129				4			374 -> 159 -> 607 -> 535 -> 129
375				69				3			375 -> 185 -> 951 -> 69
376				627				4			376 -> 388 -> 211 -> 363 -> 627
377				243				1			377 -> 243
378				669				3			378 -> 564 -> 940 -> 669
379				627				3			379 -> 810 -> 467 -> 627
380				548				3			380 -> 773 -> 879 -> 548
381				129				4			381 -> 7 -> 822 -> 308 -> 129
382				129				3			382 -> 593 -> 329 -> 129
383				548				3			383 -> 330 -> 879 -> 548
384				722				2			384 -> 60 -> 722
385				722				2			385 -> 60 -> 722
386				129				4			386 -> 523 -> 829 -> 283 -> 129
387				72				2			387 -> 405 -> 72
388				627				3			388 -> 211 -> 363 -> 627
389				722				3			389 -> 545 -> 19 -> 722
390				548				2			390 -> 879 -> 548
391				72				3			391 -> 579 -> 595 -> 72
392				627				2			392 -> 549 -> 627
393				72				1			393 -> 72
394				889				2			394 -> 500 -> 889
395				243				3			395 -> 297 -> 135 -> 243
396				889				2			396 -> 689 -> 889
397				722				4			397 -> 309 -> 384 -> 60 -> 722
398				172				3			398 -> 709 -> 350 -> 172
399				889				3			399 -> 345 -> 478 -> 889
400				669				2			400 -> 111 -> 669
401				243				3			401 -> 297 -> 135 -> 243
402				129				2			402 -> 329 -> 129
403				627				2			403 -> 363 -> 627
404				172				3			404 -> 40 -> 899 -> 172
405				72				1			405 -> 72
406				72				4			406 -> 137 -> 252 -> 332 -> 72
407				72				4			407 -> 439 -> 727 -> 332 -> 72
408				669				3			408 -> 82 -> 815 -> 669
409				129				3			409 -> 736 -> 525 -> 129
410				889				3			410 -> 0 -> 261 -> 889
411				69				3			411 -> 943 -> 575 -> 69
412				627				3			412 -> 32 -> 549 -> 627
413				243				3			413 -> 626 -> 377 -> 243
414				72				1			414 -> 72
415				889				3			415 -> 651 -> 34 -> 889
416				129				4			416 -> 286 -> 671 -> 308 -> 129
417				69				3			417 -> 185 -> 951 -> 69
418				548				3			418 -> 188 -> 924 -> 548
419				548				3			419 -> 481 -> 879 -> 548
420				889				2			420 -> 331 -> 889
421				722				2			421 -> 744 -> 722
422				889				3			422 -> 11 -> 616 -> 889
423				72				2			423 -> 393 -> 72
424				722				4			424 -> 116 -> 698 -> 836 -> 722
425				722				3			425 -> 1 -> 744 -> 722
426				722				2			426 -> 19 -> 722
427				129				5			427 -> 373 -> 382 -> 593 -> 329 -> 129
428				243				2			428 -> 809 -> 243
429				627				3			429 -> 438 -> 363 -> 627
430				72				4			430 -> 22 -> 423 -> 393 -> 72
431				129				3			431 -> 144 -> 525 -> 129
432				243				4			432 -> 594 -> 816 -> 372 -> 243
433				627				3			433 -> 590 -> 467 -> 627
434				172				2			434 -> 277 -> 172
435				129				3			435 -> 553 -> 308 -> 129
436				129				4			436 -> 189 -> 846 -> 525 -> 129
437				72				3			437 -> 347 -> 405 -> 72
438				627				2			438 -> 363 -> 627
439				72				3			439 -> 727 -> 332 -> 72
440				129				4			440 -> 700 -> 697 -> 329 -> 129
441				548				2			441 -> 746 -> 548
442				243				2			442 -> 184 -> 243
443				72				2			443 -> 658 -> 72
444				627				2			444 -> 799 -> 627
445				722				3			445 -> 421 -> 744 -> 722
446				129				5			446 -> 74 -> 368 -> 402 -> 329 -> 129
447				669				2			447 -> 497 -> 669
448				129				4			448 -> 58 -> 531 -> 832 -> 129
449				69				3			449 -> 943 -> 575 -> 69
450				129				3			450 -> 891 -> 308 -> 129
451				722				3			451 -> 271 -> 60 -> 722
452				172				3			452 -> 314 -> 327 -> 172
454				548				3			454 -> 390 -> 879 -> 548
455				627				5			455 -> 562 -> 121 -> 438 -> 363 -> 627
456				722				3			456 -> 14 -> 836 -> 722
457				669				2			457 -> 625 -> 669
458				129				2			458 -> 525 -> 129
459				129				3			459 -> 731 -> 525 -> 129
460				129				4			460 -> 58 -> 531 -> 832 -> 129
461				889				3			461 -> 268 -> 261 -> 889
462				72				3			462 -> 922 -> 595 -> 72
463				548				3			463 -> 390 -> 879 -> 548
464				172				3			464 -> 606 -> 327 -> 172
465				722				2			465 -> 744 -> 722
466				722				4			466 -> 294 -> 882 -> 836 -> 722
467				627				1			467 -> 627
468				72				3			468 -> 117 -> 595 -> 72
469				889				3			469 -> 895 -> 478 -> 889
470				72				1			470 -> 72
471				129				3			471 -> 671 -> 308 -> 129
472				548				3			472 -> 188 -> 924 -> 548
473				129				3			473 -> 263 -> 283 -> 129
474				669				3			474 -> 178 -> 497 -> 669
475				243				3			475 -> 597 -> 372 -> 243
476				669				2			476 -> 497 -> 669
477				627				2			477 -> 549 -> 627
478				889				1			478 -> 889
479				722				3			479 -> 601 -> 60 -> 722
480				72				2			480 -> 405 -> 72
481				548				2			481 -> 879 -> 548
482				627				3			482 -> 886 -> 467 -> 627
483				722				4			483 -> 207 -> 385 -> 60 -> 722
484				669				2			484 -> 940 -> 669
485				129				5			485 -> 506 -> 789 -> 662 -> 738 -> 129
486				72				3			486 -> 727 -> 332 -> 72
487				669				3			487 -> 995 -> 986 -> 669
488				627				3			488 -> 614 -> 799 -> 627
489				243				3			489 -> 195 -> 135 -> 243
490				129				4			490 -> 471 -> 671 -> 308 -> 129
491				669				3			491 -> 571 -> 815 -> 669
492				72				3			492 -> 821 -> 658 -> 72
493				889				2			493 -> 500 -> 889
494				722				4			494 -> 180 -> 601 -> 60 -> 722
495				722				3			495 -> 857 -> 744 -> 722
496				129				3			496 -> 846 -> 525 -> 129
497				669				1			497 -> 669
498				722				3			498 -> 971 -> 19 -> 722
499				243				3			499 -> 36 -> 377 -> 243
500				889				1			500 -> 889
501				548				2			501 -> 236 -> 548
502				72				4			502 -> 837 -> 508 -> 405 -> 72
503				889				3			503 -> 0 -> 261 -> 889
504				129				4			504 -> 528 -> 263 -> 283 -> 129
505				129				3			505 -> 323 -> 832 -> 129
506				129				4			506 -> 789 -> 662 -> 738 -> 129
507				548				2			507 -> 924 -> 548
508				72				2			508 -> 405 -> 72
509				243				2			509 -> 372 -> 243
510				548				3			510 -> 390 -> 879 -> 548
511				548				3			511 -> 773 -> 879 -> 548
512				548				3			512 -> 833 -> 236 -> 548
513				669				3			513 -> 75 -> 517 -> 669
514				889				3			514 -> 217 -> 478 -> 889
515				129				5			515 -> 739 -> 186 -> 829 -> 283 -> 129
516				69				3			516 -> 848 -> 951 -> 69
517				669				1			517 -> 669
518				722				2			518 -> 60 -> 722
519				627				3			519 -> 403 -> 363 -> 627
521				722				3			521 -> 919 -> 60 -> 722
522				889				3			522 -> 969 -> 616 -> 889
523				129				3			523 -> 829 -> 283 -> 129
524				129				4			524 -> 328 -> 263 -> 283 -> 129
525				129				1			525 -> 129
526				72				2			526 -> 414 -> 72
527				889				2			527 -> 1004 -> 889
528				129				3			528 -> 263 -> 283 -> 129
529				548				3			529 -> 507 -> 924 -> 548
530				129				4			530 -> 471 -> 671 -> 308 -> 129
531				129				2			531 -> 832 -> 129
532				627				4			532 -> 170 -> 86 -> 799 -> 627
533				129				4			533 -> 473 -> 263 -> 283 -> 129
534				889				2			534 -> 219 -> 889
535				129				1			535 -> 129
536				627				3			536 -> 954 -> 799 -> 627
537				72				3			537 -> 387 -> 405 -> 72
538				72				3			538 -> 254 -> 658 -> 72
539				889				3			539 -> 750 -> 34 -> 889
540				243				2			540 -> 944 -> 243
541				129				4			541 -> 53 -> 144 -> 525 -> 129
542				722				3			542 -> 292 -> 836 -> 722
543				72				4			543 -> 391 -> 579 -> 595 -> 72
544				72				3			544 -> 361 -> 405 -> 72
545				722				2			545 -> 19 -> 722
546				722				4			546 -> 336 -> 421 -> 744 -> 722
547				722				3			547 -> 971 -> 19 -> 722
548				548				0			548
549				627				1			549 -> 627
550				722				3			550 -> 557 -> 60 -> 722
551				172				3			551 -> 811 -> 930 -> 172
552				72				3			552 -> 508 -> 405 -> 72
553				129				2			553 -> 308 -> 129
554				722				3			554 -> 167 -> 60 -> 722
555				548				4			555 -> 574 -> 648 -> 746 -> 548
556				669				3			556 -> 586 -> 111 -> 669
557				722				2			557 -> 60 -> 722
558				669				3			558 -> 586 -> 111 -> 669
559				889				2			559 -> 34 -> 889
560				669				2			560 -> 497 -> 669
561				889				2			561 -> 34 -> 889
562				627				4			562 -> 121 -> 438 -> 363 -> 627
563				72				3			563 -> 480 -> 405 -> 72
564				669				2			564 -> 940 -> 669
565				69				3			565 -> 935 -> 575 -> 69
566				722				3			566 -> 728 -> 60 -> 722
567				669				3			567 -> 560 -> 497 -> 669
568				243				3			568 -> 221 -> 372 -> 243
569				548				3			569 -> 732 -> 924 -> 548
570				889				3			570 -> 345 -> 478 -> 889
571				669				2			571 -> 815 -> 669
572				548				3			572 -> 775 -> 924 -> 548
573				129				4			573 -> 33 -> 736 -> 525 -> 129
574				548				3			574 -> 648 -> 746 -> 548
575				69				1			575 -> 69
576				243				3			576 -> 442 -> 184 -> 243
577				627				2			577 -> 363 -> 627
578				72				2			578 -> 393 -> 72
579				72				2			579 -> 595 -> 72
580				722				2			580 -> 836 -> 722
581				129				4			581 -> 7 -> 822 -> 308 -> 129
582				243				4			582 -> 806 -> 540 -> 944 -> 243
583				627				3			583 -> 31 -> 799 -> 627
584				627				4			584 -> 932 -> 392 -> 549 -> 627
585				69				2			585 -> 575 -> 69
586				669				2			586 -> 111 -> 669
587				548				3			587 -> 778 -> 236 -> 548
588				722				3			588 -> 882 -> 836 -> 722
589				627				3			589 -> 211 -> 363 -> 627
590				627				2			590 -> 467 -> 627
591				72				3			591 -> 821 -> 658 -> 72
592				548				4			592 -> 143 -> 648 -> 746 -> 548
593				129				2			593 -> 329 -> 129
594				243				3			594 -> 816 -> 372 -> 243
595				72				1			595 -> 72
596				129				5			596 -> 719 -> 917 -> 697 -> 329 -> 129
597				243				2			597 -> 372 -> 243
598				627				4			598 -> 388 -> 211 -> 363 -> 627
599				722				4			599 -> 690 -> 971 -> 19 -> 722
600				889				3			600 -> 345 -> 478 -> 889
601				722				2			601 -> 60 -> 722
602				548				3			602 -> 481 -> 879 -> 548
603				722				3			603 -> 857 -> 744 -> 722
604				129				4			604 -> 368 -> 402 -> 329 -> 129
605				889				3			605 -> 534 -> 219 -> 889
606				172				2			606 -> 327 -> 172
607				129				2			607 -> 535 -> 129
608				129				5			608 -> 215 -> 138 -> 705 -> 832 -> 129
609				129				4			609 -> 678 -> 402 -> 329 -> 129
610				669				2			610 -> 625 -> 669
611				722				3			611 -> 728 -> 60 -> 722
612				129				4			612 -> 450 -> 891 -> 308 -> 129
613				627				4			613 -> 637 -> 438 -> 363 -> 627
614				627				2			614 -> 799 -> 627
615				722				3			615 -> 385 -> 60 -> 722
616				889				1			616 -> 889
617				72				3			617 -> 65 -> 907 -> 72
618				172				2			618 -> 277 -> 172
619				627				3			619 -> 30 -> 467 -> 627
620				69				3			620 -> 324 -> 575 -> 69
621				889				2			621 -> 500 -> 889
622				129				4			622 -> 209 -> 891 -> 308 -> 129
623				172				3			623 -> 96 -> 899 -> 172
624				129				4			624 -> 209 -> 891 -> 308 -> 129
625				669				1			625 -> 669
626				243				2			626 -> 377 -> 243
627				627				0			627
628				627				3			628 -> 871 -> 799 -> 627
629				129				3			629 -> 736 -> 525 -> 129
630				129				4			630 -> 646 -> 891 -> 308 -> 129
631				243				3			631 -> 36 -> 377 -> 243
632				722				4			632 -> 758 -> 385 -> 60 -> 722
633				129				4			633 -> 663 -> 333 -> 329 -> 129
634				172				3			634 -> 606 -> 327 -> 172
635				72				2			635 -> 470 -> 72
636				243				2			636 -> 184 -> 243
637				627				3			637 -> 438 -> 363 -> 627
638				72				3			638 -> 480 -> 405 -> 72
639				722				3			639 -> 167 -> 60 -> 722
640				129				4			640 -> 763 -> 458 -> 525 -> 129
641				669				3			641 -> 457 -> 625 -> 669
642				627				3			642 -> 577 -> 363 -> 627
643				72				3			643 -> 220 -> 658 -> 72
644				722				2			644 -> 19 -> 722
645				722				3			645 -> 271 -> 60 -> 722
646				129				3			646 -> 891 -> 308 -> 129
647				243				3			647 -> 597 -> 372 -> 243
648				548				2			648 -> 746 -> 548
649				72				3			649 -> 664 -> 405 -> 72
650				722				3			650 -> 426 -> 19 -> 722
651				889				2			651 -> 34 -> 889
652				722				3			652 -> 421 -> 744 -> 722
653				243				3			653 -> 597 -> 372 -> 243
654				669				3			654 -> 997 -> 940 -> 669
655				243				3			655 -> 221 -> 372 -> 243
656				129				2			656 -> 832 -> 129
657				243				4			657 -> 177 -> 597 -> 372 -> 243
658				72				1			658 -> 72
659				72				2			659 -> 658 -> 72
660				548				4			660 -> 38 -> 330 -> 879 -> 548
661				722				4			661 -> 235 -> 971 -> 19 -> 722
662				129				2			662 -> 738 -> 129
663				129				3			663 -> 333 -> 329 -> 129
664				72				2			664 -> 405 -> 72
665				129				4			665 -> 680 -> 671 -> 308 -> 129
666				627				3			666 -> 211 -> 363 -> 627
667				722				4			667 -> 704 -> 698 -> 836 -> 722
668				627				3			668 -> 614 -> 799 -> 627
669				669				0			669
670				548				2			670 -> 879 -> 548
671				129				2			671 -> 308 -> 129
672				669				2			672 -> 111 -> 669
673				129				4			673 -> 688 -> 458 -> 525 -> 129
674				69				3			674 -> 935 -> 575 -> 69
675				129				5			675 -> 257 -> 196 -> 844 -> 535 -> 129
676				72				2			676 -> 405 -> 72
677				889				2			677 -> 616 -> 889
678				129				3			678 -> 402 -> 329 -> 129
679				129				3			679 -> 402 -> 329 -> 129
680				129				3			680 -> 671 -> 308 -> 129
681				548				3			681 -> 782 -> 746 -> 548
682				172				3			682 -> 229 -> 899 -> 172
683				548				4			683 -> 80 -> 441 -> 746 -> 548
684				72				3			684 -> 387 -> 405 -> 72
685				72				3			685 -> 664 -> 405 -> 72
686				72				2			686 -> 405 -> 72
687				243				3			687 -> 442 -> 184 -> 243
688				129				3			688 -> 458 -> 525 -> 129
689				889				1			689 -> 889
690				722				3			690 -> 971 -> 19 -> 722
691				669				2			691 -> 111 -> 669
692				72				2			692 -> 393 -> 72
693				627				4			693 -> 839 -> 954 -> 799 -> 627
694				72				2			694 -> 658 -> 72
695				129				3			695 -> 21 -> 738 -> 129
696				72				3			696 -> 635 -> 470 -> 72
697				129				2			697 -> 329 -> 129
698				722				2			698 -> 836 -> 722
699				129				3			699 -> 402 -> 329 -> 129
700				129				3			700 -> 697 -> 329 -> 129
701				129				4			701 -> 77 -> 553 -> 308 -> 129
702				548				2			702 -> 236 -> 548
703				889				4			703 -> 716 -> 242 -> 616 -> 889
704				722				3			704 -> 698 -> 836 -> 722
705				129				2			705 -> 832 -> 129
706				129				3			706 -> 950 -> 329 -> 129
707				548				3			707 -> 45 -> 746 -> 548
708				669				2			708 -> 940 -> 669
709				172				2			709 -> 350 -> 172
710				627				3			710 -> 477 -> 549 -> 627
711				669				3			711 -> 586 -> 111 -> 669
712				72				3			712 -> 635 -> 470 -> 72
713				72				3			713 -> 826 -> 470 -> 72
714				172				3			714 -> 876 -> 277 -> 172
715				627				3			715 -> 31 -> 799 -> 627
716				889				3			716 -> 242 -> 616 -> 889
717				72				3			717 -> 423 -> 393 -> 72
718				669				3			718 -> 476 -> 497 -> 669
719				129				4			719 -> 917 -> 697 -> 329 -> 129
720				129				3			720 -> 950 -> 329 -> 129
721				627				3			721 -> 342 -> 549 -> 627
722				722				0			722
723				627				4			723 -> 762 -> 477 -> 549 -> 627
724				129				4			724 -> 777 -> 656 -> 832 -> 129
725				627				4			725 -> 827 -> 31 -> 799 -> 627
726				172				2			726 -> 930 -> 172
727				72				2			727 -> 332 -> 72
728				722				2			728 -> 60 -> 722
729				129				3			729 -> 829 -> 283 -> 129
730				129				4			730 -> 198 -> 846 -> 525 -> 129
731				129				2			731 -> 525 -> 129
732				548				2			732 -> 924 -> 548
733				669				3			733 -> 10 -> 986 -> 669
734				129				3			734 -> 697 -> 329 -> 129
735				129				3			735 -> 662 -> 738 -> 129
736				129				2			736 -> 525 -> 129
737				129				3			737 -> 731 -> 525 -> 129
738				129				1			738 -> 129
739				129				4			739 -> 186 -> 829 -> 283 -> 129
740				669				4			740 -> 337 -> 484 -> 940 -> 669
741				722				3			741 -> 14 -> 836 -> 722
742				722				3			742 -> 518 -> 60 -> 722
743				129				4			743 -> 209 -> 891 -> 308 -> 129
744				722				1			744 -> 722
745				243				4			745 -> 880 -> 442 -> 184 -> 243
746				548				1			746 -> 548
747				722				3			747 -> 113 -> 836 -> 722
748				627				5			748 -> 288 -> 52 -> 211 -> 363 -> 627
749				722				4			749 -> 813 -> 384 -> 60 -> 722
750				889				2			750 -> 34 -> 889
751				722				4			751 -> 741 -> 14 -> 836 -> 722
752				627				3			752 -> 403 -> 363 -> 627
753				669				3			753 -> 208 -> 111 -> 669
754				722				4			754 -> 851 -> 601 -> 60 -> 722
755				72				3			755 -> 175 -> 405 -> 72
756				722				2			756 -> 836 -> 722
757				129				4			757 -> 663 -> 333 -> 329 -> 129
758				722				3			758 -> 385 -> 60 -> 722
759				548				3			759 -> 648 -> 746 -> 548
760				669				1			760 -> 669
761				548				3			761 -> 390 -> 879 -> 548
762				627				3			762 -> 477 -> 549 -> 627
763				129				3			763 -> 458 -> 525 -> 129
764				129				3			764 -> 705 -> 832 -> 129
765				72				2			765 -> 658 -> 72
766				548				4			766 -> 147 -> 782 -> 746 -> 548
767				722				3			767 -> 601 -> 60 -> 722
769				548				3			769 -> 942 -> 924 -> 548
770				889				3			770 -> 561 -> 34 -> 889
771				129				4			771 -> 789 -> 662 -> 738 -> 129
772				129				4			772 -> 459 -> 731 -> 525 -> 129
773				548				2			773 -> 879 -> 548
774				172				3			774 -> 229 -> 899 -> 172
775				548				2			775 -> 924 -> 548
776				669				3			776 -> 108 -> 986 -> 669
777				129				3			777 -> 656 -> 832 -> 129
778				548				2			778 -> 236 -> 548
779				243				4			779 -> 568 -> 221 -> 372 -> 243
780				243				2			780 -> 135 -> 243
781				129				3			781 -> 891 -> 308 -> 129
782				548				2			782 -> 746 -> 548
783				722				3			783 -> 698 -> 836 -> 722
784				129				3			784 -> 144 -> 525 -> 129
785				669				4			785 -> 61 -> 55 -> 986 -> 669
786				243				3			786 -> 597 -> 372 -> 243
787				243				3			787 -> 540 -> 944 -> 243
788				69				2			788 -> 575 -> 69
789				129				3			789 -> 662 -> 738 -> 129
790				172				3			790 -> 96 -> 899 -> 172
791				722				4			791 -> 235 -> 971 -> 19 -> 722
792				129				3			792 -> 671 -> 308 -> 129
793				72				3			793 -> 686 -> 405 -> 72
794				627				4			794 -> 583 -> 31 -> 799 -> 627
795				243				3			795 -> 428 -> 809 -> 243
796				669				3			796 -> 306 -> 517 -> 669
797				889				3			797 -> 750 -> 34 -> 889
798				627				3			798 -> 438 -> 363 -> 627
799				627				1			799 -> 627
800				172				3			800 -> 314 -> 327 -> 172
801				722				3			801 -> 167 -> 60 -> 722
803				129				4			803 -> 737 -> 731 -> 525 -> 129
804				722				3			804 -> 465 -> 744 -> 722
805				722				4			805 -> 365 -> 292 -> 836 -> 722
806				243				3			806 -> 540 -> 944 -> 243
807				129				5			807 -> 624 -> 209 -> 891 -> 308 -> 129
808				722				3			808 -> 545 -> 19 -> 722
809				243				1			809 -> 243
810				627				2			810 -> 467 -> 627
811				172				2			811 -> 930 -> 172
812				129				3			812 -> 697 -> 329 -> 129
813				722				3			813 -> 384 -> 60 -> 722
814				548				4			814 -> 918 -> 45 -> 746 -> 548
815				669				1			815 -> 669
816				243				2			816 -> 372 -> 243
817				548				3			817 -> 311 -> 879 -> 548
818				129				5			818 -> 179 -> 124 -> 829 -> 283 -> 129
819				243				3			819 -> 597 -> 372 -> 243
820				722				3			820 -> 271 -> 60 -> 722
821				72				2			821 -> 658 -> 72
822				129				2			822 -> 308 -> 129
823				669				2			823 -> 760 -> 669
824				172				3			824 -> 941 -> 350 -> 172
825				669				3			825 -> 980 -> 111 -> 669
826				72				2			826 -> 470 -> 72
827				627				3			827 -> 31 -> 799 -> 627
828				889				2			828 -> 219 -> 889
829				129				2			829 -> 283 -> 129
830				889				3			830 -> 828 -> 219 -> 889
831				243				3			831 -> 626 -> 377 -> 243
832				129				1			832 -> 129
833				548				2			833 -> 236 -> 548
834				722				3			834 -> 216 -> 60 -> 722
835				129				3			835 -> 671 -> 308 -> 129
836				722				1			836 -> 722
837				72				3			837 -> 508 -> 405 -> 72
838				243				4			838 -> 880 -> 442 -> 184 -> 243
839				627				3			839 -> 954 -> 799 -> 627
840				243				2			840 -> 135 -> 243
841				722				4			841 -> 479 -> 601 -> 60 -> 722
843				548				4			843 -> 569 -> 732 -> 924 -> 548
844				129				2			844 -> 535 -> 129
845				243				3			845 -> 780 -> 135 -> 243
846				129				2			846 -> 525 -> 129
847				889				2			847 -> 616 -> 889
848				69				2			848 -> 951 -> 69
849				129				4			849 -> 238 -> 891 -> 308 -> 129
850				243				2			850 -> 184 -> 243
851				722				3			851 -> 601 -> 60 -> 722
852				889				2			852 -> 331 -> 889
853				627				3			853 -> 477 -> 549 -> 627
854				129				3			854 -> 263 -> 283 -> 129
855				669				3			855 -> 691 -> 111 -> 669
856				129				3			856 -> 553 -> 308 -> 129
857				722				2			857 -> 744 -> 722
858				72				3			858 -> 686 -> 405 -> 72
859				129				3			859 -> 671 -> 308 -> 129
860				129				3			860 -> 458 -> 525 -> 129
861				627				3			861 -> 954 -> 799 -> 627
862				722				4			862 -> 313 -> 857 -> 744 -> 722
863				129				3			863 -> 402 -> 329 -> 129
864				243				2			864 -> 135 -> 243
865				722				4			865 -> 650 -> 426 -> 19 -> 722
866				627				3			866 -> 438 -> 363 -> 627
867				722				3			867 -> 1 -> 744 -> 722
868				722				4			868 -> 704 -> 698 -> 836 -> 722
869				129				3			869 -> 531 -> 832 -> 129
870				72				4			870 -> 988 -> 117 -> 595 -> 72
871				627				2			871 -> 799 -> 627
872				243				3			872 -> 36 -> 377 -> 243
873				129				3			873 -> 656 -> 832 -> 129
874				722				3			874 -> 557 -> 60 -> 722
875				129				3			875 -> 662 -> 738 -> 129
876				172				2			876 -> 277 -> 172
877				69				3			877 -> 935 -> 575 -> 69
878				69				3			878 -> 585 -> 575 -> 69
879				548				1			879 -> 548
880				243				3			880 -> 442 -> 184 -> 243
881				627				3			881 -> 954 -> 799 -> 627
882				722				2			882 -> 836 -> 722
883				172				2			883 -> 899 -> 172
884				722				4			884 -> 804 -> 465 -> 744 -> 722
885				129				3			885 -> 458 -> 525 -> 129
886				627				2			886 -> 467 -> 627
887				548				3			887 -> 330 -> 879 -> 548
888				129				3			888 -> 697 -> 329 -> 129
889				889				0			889
890				722				3			890 -> 14 -> 836 -> 722
891				129				2			891 -> 308 -> 129
892				722				4			892 -> 294 -> 882 -> 836 -> 722
893				129				4			893 -> 435 -> 553 -> 308 -> 129
894				889				4			894 -> 95 -> 351 -> 689 -> 889
895				889				2			895 -> 478 -> 889
897				72				3			897 -> 826 -> 470 -> 72
898				889				3			898 -> 114 -> 1004 -> 889
899				172				1			899 -> 172
900				548				4			900 -> 759 -> 648 -> 746 -> 548
901				548				3			901 -> 441 -> 746 -> 548
902				548				4			902 -> 41 -> 45 -> 746 -> 548
903				722				3			903 -> 518 -> 60 -> 722
904				889				2			904 -> 219 -> 889
905				172				3			905 -> 883 -> 899 -> 172
906				669				2			906 -> 111 -> 669
907				72				1			907 -> 72
908				722				3			908 -> 971 -> 19 -> 722
909				722				3			909 -> 580 -> 836 -> 722
910				129				4			910 -> 286 -> 671 -> 308 -> 129
911				548				2			911 -> 879 -> 548
912				548				3			912 -> 942 -> 924 -> 548
913				627				3			913 -> 614 -> 799 -> 627
914				627				4			914 -> 642 -> 577 -> 363 -> 627
915				548				4			915 -> 707 -> 45 -> 746 -> 548
916				129				4			916 -> 382 -> 593 -> 329 -> 129
917				129				3			917 -> 697 -> 329 -> 129
918				548				3			918 -> 45 -> 746 -> 548
919				722				2			919 -> 60 -> 722
920				243				3			920 -> 850 -> 184 -> 243
921				243				3			921 -> 816 -> 372 -> 243
922				72				2			922 -> 595 -> 72
923				243				3			923 -> 947 -> 184 -> 243
924				548				1			924 -> 548
925				243				3			925 -> 947 -> 184 -> 243
926				722				3			926 -> 1 -> 744 -> 722
927				72				4			927 -> 963 -> 765 -> 658 -> 72
928				243				4			928 -> 687 -> 442 -> 184 -> 243
929				129				3			929 -> 662 -> 738 -> 129
930				172				1			930 -> 172
931				669				3			931 -> 246 -> 760 -> 669
932				627				3			932 -> 392 -> 549 -> 627
933				72				2			933 -> 332 -> 72
934				172				2			934 -> 930 -> 172
935				69				2			935 -> 575 -> 69
936				72				3			936 -> 65 -> 907 -> 72
937				129				3			937 -> 402 -> 329 -> 129
938				243				3			938 -> 28 -> 372 -> 243
939				243				4			939 -> 413 -> 626 -> 377 -> 243
940				669				1			940 -> 669
941				172				2			941 -> 350 -> 172
942				548				2			942 -> 924 -> 548
943				69				2			943 -> 575 -> 69
944				243				1			944 -> 243
945				627				3			945 -> 31 -> 799 -> 627
946				889				3			946 -> 394 -> 500 -> 889
947				243				2			947 -> 184 -> 243
948				669				3			948 -> 246 -> 760 -> 669
949				129				4			949 -> 792 -> 671 -> 308 -> 129
950				129				2			950 -> 329 -> 129
951				69				1			951 -> 69
952				548				3			952 -> 833 -> 236 -> 548
953				172				3			953 -> 991 -> 277 -> 172
954				627				2			954 -> 799 -> 627
955				722				3			955 -> 971 -> 19 -> 722
956				129				4			956 -> 450 -> 891 -> 308 -> 129
957				243				2			957 -> 184 -> 243
958				243				3			958 -> 597 -> 372 -> 243
959				722				4			959 -> 24 -> 385 -> 60 -> 722
960				72				4			960 -> 158 -> 254 -> 658 -> 72
961				72				3			961 -> 347 -> 405 -> 72
962				72				3			962 -> 480 -> 405 -> 72
963				72				3			963 -> 765 -> 658 -> 72
964				889				2			964 -> 331 -> 889
965				243				3			965 -> 343 -> 944 -> 243
966				669				3			966 -> 178 -> 497 -> 669
967				243				4			967 -> 193 -> 780 -> 135 -> 243
968				172				3			968 -> 434 -> 277 -> 172
969				889				2			969 -> 616 -> 889
970				889				4			970 -> 51 -> 11 -> 616 -> 889
971				722				2			971 -> 19 -> 722
972				72				3			972 -> 220 -> 658 -> 72
973				548				4			973 -> 681 -> 782 -> 746 -> 548
974				548				3			974 -> 778 -> 236 -> 548
975				72				3			975 -> 252 -> 332 -> 72
976				548				4			976 -> 759 -> 648 -> 746 -> 548
977				243				3			977 -> 28 -> 372 -> 243
978				72				3			978 -> 821 -> 658 -> 72
979				722				3			979 -> 426 -> 19 -> 722
980				669				2			980 -> 111 -> 669
981				243				3			981 -> 28 -> 372 -> 243
982				243				3			982 -> 850 -> 184 -> 243
983				669				3			983 -> 447 -> 497 -> 669
984				129				3			984 -> 531 -> 832 -> 129
985				69				3			985 -> 585 -> 575 -> 69
986				669				1			986 -> 669
987				129				4			987 -> 33 -> 736 -> 525 -> 129
988				72				3			988 -> 117 -> 595 -> 72
989				129				4			989 -> 888 -> 697 -> 329 -> 129
990				129				3			990 -> 323 -> 832 -> 129
991				172				2			991 -> 277 -> 172
992				669				3			992 -> 476 -> 497 -> 669
993				722				4			993 -> 354 -> 882 -> 836 -> 722
994				129				3			994 -> 731 -> 525 -> 129
995				669				2			995 -> 986 -> 669
996				548				3			996 -> 481 -> 879 -> 548
997				669				2			997 -> 940 -> 669
998				669				2			998 -> 625 -> 669
999				722				3			999 -> 385 -> 60 -> 722
1000			627				3			1000 -> 32 -> 549 -> 627
1001			669				2			1001 -> 111 -> 669
1002			72				4			1002 -> 316 -> 933 -> 332 -> 72
1003			627				4			1003 -> 482 -> 886 -> 467 -> 627
1004			889				1			1004 -> 889
1005			669				2			1005 -> 940 -> 669
